Mc>10|20|0|1|64|64|7|0|0|0|0|200|200|0|-22|-12|42|52|24|2000|20|350|0|0|0|1|0|4|0|0|
*Joueur2>10|20|0|1|32|32|1|0|0|0|0|0.025|0.2|0|0|
*SpawnPoint>50|50|0|1|1|1|1|0|0|0|0|100|100|0|0|0|0|0|0|1|100|0|0|0|0|0|1|0|0|0|201|
*SpawnPoint>200|50|0|1|1|1|1|0|0|0|0|100|100|0|0|0|0|0|0|1|100|0|0|0|0|0|1|0|0|0|201|
*SpawnPoint>200|200|0|1|1|1|1|0|0|0|0|100|100|0|0|0|0|0|0|1|100|0|0|0|0|0|1|0|0|0|201|
*SpawnPoint>150|200|0|1|1|1|1|0|0|0|0|100|100|0|0|0|0|0|0|1|100|0|0|0|0|0|1|0|0|0|201|
*SpawnPoint>150|200|0|1|1|1|1|0|0|0|0|100|100|0|0|0|0|0|0|1|100|0|0|0|0|0|1|0|0|1|201|
*Entite>600|-25|0|1|600|50|1|0|0|0|0|100|100|0|300|-50|900|0|0|1|100|0|0|0|1|0|1|
*Entite>625|300|0|1|50|600|1|0|0|0|0|100|100|0|600|0|650|600|0|1|100|0|0|0|1|0|1|
*Entite>300|625|0|1|600|50|1|0|0|0|0|100|100|0|0|600|600|650|0|1|100|0|0|0|1|0|1|
*Entite>-25|300|0|1|50|600|1|0|0|0|0|100|100|0|-50|0|0|600|0|1|100|0|0|0|1|0|1|
*